sample	chr	startpos	endpos	nMajor	nMinor
TCGA-HC-7818	1	61735	249224388	1	1
TCGA-HC-7818	2	12784	243089456	1	1
TCGA-HC-7818	3	60345	197896118	1	1
TCGA-HC-7818	4	12281	9765875	1	1
TCGA-HC-7818	4	9766749	14914042	2	1
TCGA-HC-7818	4	14914978	187568297	1	1
TCGA-HC-7818	4	187569744	191027923	2	1
TCGA-HC-7818	5	15532	85467970	1	1
TCGA-HC-7818	5	85469338	111431394	1	0
TCGA-HC-7818	5	111432013	180790320	1	1
TCGA-HC-7818	6	149661	129177251	1	1
TCGA-HC-7818	6	129178817	133325845	2	1
TCGA-HC-7818	6	133332393	171051005	1	1
TCGA-HC-7818	7	43259	159127004	1	1
TCGA-HC-7818	8	31254	2626214	1	1
TCGA-HC-7818	8	2626253	5995283	2	1
TCGA-HC-7818	8	5995309	24922065	1	1
TCGA-HC-7818	8	24922539	27946284	1	0
TCGA-HC-7818	8	27946373	83608407	1	1
TCGA-HC-7818	8	83608479	88253911	2	1
TCGA-HC-7818	8	88255964	146298155	1	1
TCGA-HC-7818	9	46587	141091394	1	1
TCGA-HC-7818	10	72759	135506704	1	1
TCGA-HC-7818	11	198572	38627913	1	1
TCGA-HC-7818	11	38630253	41421390	2	1
TCGA-HC-7818	11	41423619	134944770	1	1
TCGA-HC-7818	12	150442	126643845	1	1
TCGA-HC-7818	12	126644686	130466485	2	1
TCGA-HC-7818	12	130472344	133778189	1	1
TCGA-HC-7818	13	19026949	115108397	1	1
TCGA-HC-7818	14	19002124	107285437	1	1
TCGA-HC-7818	15	20016328	95251942	1	1
TCGA-HC-7818	15	95252039	98536729	2	1
TCGA-HC-7818	15	98537979	102469040	1	1
TCGA-HC-7818	16	60777	4549673	1	0
TCGA-HC-7818	16	4551830	90287535	1	1
TCGA-HC-7818	17	526	81049726	1	1
TCGA-HC-7818	18	48133	78015057	1	1
TCGA-HC-7818	19	90910	59097854	1	1
TCGA-HC-7818	20	61305	62956153	1	1
TCGA-HC-7818	21	10736871	48096957	1	1
TCGA-HC-7818	22	16052528	51234455	1	1
TCGA-HC-7818	X	168477	2703391	2	1
TCGA-HC-7818	X	2703633	155233846	1	0
