sample	chr	startpos	endpos	nMajor	nMinor
TCGA-AF-3913-a	1	61735	12867463	1	1
TCGA-AF-3913-a	1	12867510	33641932	1	0
TCGA-AF-3913-a	1	33642788	249224388	1	1
TCGA-AF-3913-a	2	12784	100563265	1	1
TCGA-AF-3913-a	2	100566563	243089456	2	1
TCGA-AF-3913-a	3	60345	60292312	2	0
TCGA-AF-3913-a	3	60301071	60488694	1	0
TCGA-AF-3913-a	3	60488758	86938606	2	0
TCGA-AF-3913-a	3	86940370	88427251	2	1
TCGA-AF-3913-a	3	88427471	89426517	2	0
TCGA-AF-3913-a	3	89426646	96589607	2	1
TCGA-AF-3913-a	3	96590869	151637211	2	2
TCGA-AF-3913-a	3	151638329	151818499	2	0
TCGA-AF-3913-a	3	151818618	197896118	2	2
TCGA-AF-3913-a	4	12281	191027923	1	1
TCGA-AF-3913-a	5	15532	49549775	1	1
TCGA-AF-3913-a	5	49552698	180790320	2	0
TCGA-AF-3913-a	6	149661	139622545	2	1
TCGA-AF-3913-a	6	139622649	139828761	1	1
TCGA-AF-3913-a	6	139828916	162318146	2	1
TCGA-AF-3913-a	6	162318205	162590441	1	1
TCGA-AF-3913-a	6	162591754	171051005	2	1
TCGA-AF-3913-a	7	43259	159127004	3	2
TCGA-AF-3913-a	8	31254	37630491	1	0
TCGA-AF-3913-a	8	37632110	38237582	1	1
TCGA-AF-3913-a	8	38237934	39584168	1	0
TCGA-AF-3913-a	8	39585569	41702356	1	1
TCGA-AF-3913-a	8	41702610	43139606	3	1
TCGA-AF-3913-a	8	43144404	46919273	1	0
TCGA-AF-3913-a	8	46922320	62553304	2	1
TCGA-AF-3913-a	8	62553378	64263770	1	1
TCGA-AF-3913-a	8	64266110	65857186	3	1
TCGA-AF-3913-a	8	65863418	84955428	5	1
TCGA-AF-3913-a	8	84959054	86548388	3	1
TCGA-AF-3913-a	8	86550476	112502402	2	1
TCGA-AF-3913-a	8	112503155	116888221	4	1
TCGA-AF-3913-a	8	116891268	143185425	3	1
TCGA-AF-3913-a	8	143187128	146298155	4	1
TCGA-AF-3913-a	9	46587	47217176	3	2
TCGA-AF-3913-a	9	65616971	83474642	2	2
TCGA-AF-3913-a	9	83477043	141091394	2	0
TCGA-AF-3913-a	10	72759	121295618	1	1
TCGA-AF-3913-a	10	121304964	121525693	1	0
TCGA-AF-3913-a	10	121527242	124812487	1	1
TCGA-AF-3913-a	10	124816635	128144886	1	0
TCGA-AF-3913-a	10	128146148	135506704	1	1
TCGA-AF-3913-a	11	198572	134944770	2	1
TCGA-AF-3913-a	12	150442	8022893	2	0
TCGA-AF-3913-a	12	8023215	34296804	1	0
TCGA-AF-3913-a	12	34296850	113129199	2	0
TCGA-AF-3913-a	12	113137028	114813108	2	1
TCGA-AF-3913-a	12	114817320	116529952	3	2
TCGA-AF-3913-a	12	116530240	133778189	2	0
TCGA-AF-3913-a	13	19026949	85463198	3	2
TCGA-AF-3913-a	13	85463616	101933617	2	2
TCGA-AF-3913-a	13	101937373	105979139	2	1
TCGA-AF-3913-a	13	105982517	115108397	2	2
TCGA-AF-3913-a	14	19002124	100604822	2	0
TCGA-AF-3913-a	14	100604976	107285437	3	0
TCGA-AF-3913-a	15	20016328	60984520	1	1
TCGA-AF-3913-a	15	60986572	61231238	1	0
TCGA-AF-3913-a	15	61234062	102469040	1	1
TCGA-AF-3913-a	16	60777	6161268	2	0
TCGA-AF-3913-a	16	6161459	6372594	1	0
TCGA-AF-3913-a	16	6376543	7195141	0	0
TCGA-AF-3913-a	16	7196111	19056514	2	0
TCGA-AF-3913-a	16	19058185	21251361	1	0
TCGA-AF-3913-a	16	21252580	29032802	1	1
TCGA-AF-3913-a	16	29041998	32028306	7	1
TCGA-AF-3913-a	16	32033386	35283226	3	1
TCGA-AF-3913-a	16	46463782	79189534	2	1
TCGA-AF-3913-a	16	79189840	79230315	5	1
TCGA-AF-3913-a	16	79231257	90287535	2	1
TCGA-AF-3913-a	17	526	81049726	2	0
TCGA-AF-3913-a	18	48133	78015057	1	0
TCGA-AF-3913-a	19	90910	24507134	2	0
TCGA-AF-3913-a	19	24507154	28538989	3	2
TCGA-AF-3913-a	19	28539281	29241648	4	3
TCGA-AF-3913-a	19	29243767	30219476	2	1
TCGA-AF-3913-a	19	30222580	59097854	2	0
TCGA-AF-3913-a	20	61305	14533938	2	1
TCGA-AF-3913-a	20	14534799	14690185	1	0
TCGA-AF-3913-a	20	14690292	14691122	0	0
TCGA-AF-3913-a	20	14691667	14745198	1	0
TCGA-AF-3913-a	20	14746326	15144676	0	0
TCGA-AF-3913-a	20	15144763	15334921	1	0
TCGA-AF-3913-a	20	15337955	15785801	2	0
TCGA-AF-3913-a	20	15786480	23606393	2	1
TCGA-AF-3913-a	20	23606845	35637921	3	1
TCGA-AF-3913-a	20	35638058	37960715	3	2
TCGA-AF-3913-a	20	37960971	55402690	3	3
TCGA-AF-3913-a	20	55402835	58787166	3	2
TCGA-AF-3913-a	20	58789073	62956153	3	1
TCGA-AF-3913-a	21	10736871	48096957	2	0
TCGA-AF-3913-a	22	16052528	50487036	1	1
TCGA-AF-3913-a	22	50489703	51234455	1	0
TCGA-AF-3913-a	X	168477	6726924	2	0
TCGA-AF-3913-a	X	6729828	6980011	1	0
TCGA-AF-3913-a	X	6980322	155233846	2	0
