sample	chr	startpos	endpos	nMajor	nMinor
TCGA-AA-3846	1	61735	249224388	2	1
TCGA-AA-3846	2	12784	126275716	2	1
TCGA-AA-3846	2	126278126	127626435	1	1
TCGA-AA-3846	2	127627138	152348185	2	1
TCGA-AA-3846	2	152348270	153012530	1	1
TCGA-AA-3846	2	153012817	243089456	2	1
TCGA-AA-3846	3	60345	197896118	2	1
TCGA-AA-3846	4	12281	191027923	2	0
TCGA-AA-3846	5	15532	180790320	3	0
TCGA-AA-3846	6	149661	171051005	2	2
TCGA-AA-3846	7	43259	38290693	2	1
TCGA-AA-3846	7	38290714	38384841	4	2
TCGA-AA-3846	7	38386791	159127004	2	1
TCGA-AA-3846	8	31254	146298155	2	2
TCGA-AA-3846	9	46587	141091394	2	1
TCGA-AA-3846	10	72759	135506704	2	1
TCGA-AA-3846	11	198572	47367611	2	2
TCGA-AA-3846	11	47374575	47568233	2	1
TCGA-AA-3846	11	47568824	134944770	2	2
TCGA-AA-3846	12	150442	69498460	2	1
TCGA-AA-3846	12	69498860	70064186	2	0
TCGA-AA-3846	12	70065444	133778189	2	1
TCGA-AA-3846	13	19026949	95722784	4	2
TCGA-AA-3846	13	95723039	96440539	3	2
TCGA-AA-3846	13	96441866	112739022	4	2
TCGA-AA-3846	13	112739065	115108397	3	2
TCGA-AA-3846	14	19002124	22396471	1	1
TCGA-AA-3846	14	22396619	22974293	3	2
TCGA-AA-3846	14	22975700	46246423	1	1
TCGA-AA-3846	14	46249191	46327622	4	2
TCGA-AA-3846	14	46327885	46475930	8	5
TCGA-AA-3846	14	46482399	46652058	2	0
TCGA-AA-3846	14	46652211	46655956	2	1
TCGA-AA-3846	14	46657037	70157111	1	1
TCGA-AA-3846	14	70163847	70640077	11	1
TCGA-AA-3846	14	70640391	107285437	1	1
TCGA-AA-3846	15	20016328	102469040	1	1
TCGA-AA-3846	16	60777	6710469	3	2
TCGA-AA-3846	16	6710898	6848188	2	0
TCGA-AA-3846	16	6851422	90287535	3	2
TCGA-AA-3846	17	526	7051469	2	2
TCGA-AA-3846	17	7065374	8174893	2	0
TCGA-AA-3846	17	8178328	81049726	2	2
TCGA-AA-3846	18	48133	78015057	2	0
TCGA-AA-3846	19	90910	59097854	2	1
TCGA-AA-3846	20	61305	25447475	4	2
TCGA-AA-3846	20	25451118	26185184	13	2
TCGA-AA-3846	20	26185705	40214881	4	2
TCGA-AA-3846	20	40224776	43289671	15	1
TCGA-AA-3846	20	43289841	62956153	4	2
TCGA-AA-3846	21	10736871	48096957	2	1
TCGA-AA-3846	22	16052528	51234455	2	1
TCGA-AA-3846	X	168477	155233846	2	1
