sample	chr	startpos	endpos	nMajor	nMinor
TCGA-PK-A5H9	1	61735	249224388	1	1
TCGA-PK-A5H9	2	12784	243089456	1	1
TCGA-PK-A5H9	3	60345	197896118	1	1
TCGA-PK-A5H9	4	12281	191027923	1	1
TCGA-PK-A5H9	5	15532	180790320	1	1
TCGA-PK-A5H9	6	149661	171051005	1	1
TCGA-PK-A5H9	7	43259	38290714	1	1
TCGA-PK-A5H9	7	38294101	38358227	3	1
TCGA-PK-A5H9	7	38358412	142263719	1	1
TCGA-PK-A5H9	7	142263816	142499677	2	1
TCGA-PK-A5H9	7	142500467	159127004	1	1
TCGA-PK-A5H9	8	31254	146298155	1	1
TCGA-PK-A5H9	9	46587	141091394	1	1
TCGA-PK-A5H9	10	72759	135506704	1	1
TCGA-PK-A5H9	11	198572	46122756	2	0
TCGA-PK-A5H9	11	46123171	134944770	1	1
TCGA-PK-A5H9	12	150442	133778189	1	1
TCGA-PK-A5H9	13	19026949	115108397	1	1
TCGA-PK-A5H9	14	19002124	22404635	1	1
TCGA-PK-A5H9	14	22404674	22988571	2	1
TCGA-PK-A5H9	14	22993720	107285437	1	1
TCGA-PK-A5H9	15	20016328	102469040	1	1
TCGA-PK-A5H9	16	60777	90287535	1	1
TCGA-PK-A5H9	17	526	81049726	1	1
TCGA-PK-A5H9	18	48133	78015057	1	1
TCGA-PK-A5H9	19	90910	59097854	1	1
TCGA-PK-A5H9	20	61305	62956153	1	1
TCGA-PK-A5H9	21	10736871	48096957	1	1
TCGA-PK-A5H9	22	16052528	51234455	1	1
TCGA-PK-A5H9	X	168477	155233846	1	1
