sample	chr	startpos	endpos	nMajor	nMinor
TCGA-G7-7501	1	61735	35650645	1	0
TCGA-G7-7501	1	35654725	249224388	1	1
TCGA-G7-7501	2	12784	243089456	1	1
TCGA-G7-7501	3	60345	52734077	1	0
TCGA-G7-7501	3	52737904	197896118	1	1
TCGA-G7-7501	4	12281	191027923	1	0
TCGA-G7-7501	5	15532	180790320	1	1
TCGA-G7-7501	6	149661	171051005	1	1
TCGA-G7-7501	7	43259	159127004	1	1
TCGA-G7-7501	8	31254	146298155	1	1
TCGA-G7-7501	9	46587	21730410	1	0
TCGA-G7-7501	9	21731099	23073756	0	0
TCGA-G7-7501	9	23073969	90002149	1	0
TCGA-G7-7501	9	90002800	90557957	1	1
TCGA-G7-7501	9	90558178	137256078	1	0
TCGA-G7-7501	9	137266704	141091394	1	1
TCGA-G7-7501	10	72759	135506704	1	0
TCGA-G7-7501	11	198572	39707399	1	1
TCGA-G7-7501	11	39713929	39852728	1	0
TCGA-G7-7501	11	39854141	134944770	1	1
TCGA-G7-7501	12	150442	133778189	1	1
TCGA-G7-7501	13	19026949	115108397	1	1
TCGA-G7-7501	14	19002124	107285437	1	1
TCGA-G7-7501	15	20016328	102469040	1	1
TCGA-G7-7501	16	60777	90287535	1	1
TCGA-G7-7501	17	526	81049726	1	1
TCGA-G7-7501	18	48133	78015057	1	1
TCGA-G7-7501	19	90910	59097854	1	1
TCGA-G7-7501	20	61305	62956153	1	1
TCGA-G7-7501	21	10736871	48096957	1	1
TCGA-G7-7501	22	16052528	51234455	1	0
TCGA-G7-7501	X	168477	48904829	1	1
TCGA-G7-7501	X	48905707	56047280	1	0
TCGA-G7-7501	X	56047703	155233846	1	1
