sample	chr	startpos	endpos	nMajor	nMinor
TCGA-DK-A6AV	1	61735	121482979	3	2
TCGA-DK-A6AV	1	144007049	240244737	2	1
TCGA-DK-A6AV	1	240254684	240857883	2	0
TCGA-DK-A6AV	1	240861444	249224388	2	1
TCGA-DK-A6AV	2	12784	92305784	3	3
TCGA-DK-A6AV	2	95327887	120154643	2	0
TCGA-DK-A6AV	2	120157124	120912145	0	0
TCGA-DK-A6AV	2	120917452	243089456	2	0
TCGA-DK-A6AV	3	60345	19428402	3	2
TCGA-DK-A6AV	3	19431533	20301354	4	2
TCGA-DK-A6AV	3	20301653	45241178	3	2
TCGA-DK-A6AV	3	45243355	52831009	2	0
TCGA-DK-A6AV	3	52831623	56207809	2	2
TCGA-DK-A6AV	3	56214939	58708381	2	0
TCGA-DK-A6AV	3	58709405	66700798	3	2
TCGA-DK-A6AV	3	66700816	69110344	2	0
TCGA-DK-A6AV	3	69114481	197896118	3	2
TCGA-DK-A6AV	4	12281	27070579	3	2
TCGA-DK-A6AV	4	27071268	47062939	3	1
TCGA-DK-A6AV	4	47066284	56831086	3	3
TCGA-DK-A6AV	4	56831446	79474040	3	1
TCGA-DK-A6AV	4	79474970	149501188	1	1
TCGA-DK-A6AV	4	149508391	151781297	2	1
TCGA-DK-A6AV	4	151782584	154682563	1	1
TCGA-DK-A6AV	4	154685291	155040519	1	0
TCGA-DK-A6AV	4	155042470	162388608	1	1
TCGA-DK-A6AV	4	162388657	167659338	1	0
TCGA-DK-A6AV	4	167661368	169243547	2	2
TCGA-DK-A6AV	4	169244403	170451435	1	0
TCGA-DK-A6AV	4	170451942	172185981	2	2
TCGA-DK-A6AV	4	172186288	178652593	1	0
TCGA-DK-A6AV	4	178655393	182095358	1	1
TCGA-DK-A6AV	4	182097128	186413414	2	1
TCGA-DK-A6AV	4	186413904	191027923	1	0
TCGA-DK-A6AV	5	15532	1299329	6	2
TCGA-DK-A6AV	5	1300025	26197291	3	3
TCGA-DK-A6AV	5	26198881	26429130	2	0
TCGA-DK-A6AV	5	26431671	26432627	1	1
TCGA-DK-A6AV	5	26437650	27477815	3	3
TCGA-DK-A6AV	5	27479752	27829341	4	0
TCGA-DK-A6AV	5	27831601	35118756	3	3
TCGA-DK-A6AV	5	35120851	46389273	3	2
TCGA-DK-A6AV	5	49432831	180790320	2	0
TCGA-DK-A6AV	6	149661	68814548	2	2
TCGA-DK-A6AV	6	68819437	71267726	2	0
TCGA-DK-A6AV	6	71268841	71550587	0	0
TCGA-DK-A6AV	6	71554361	155867429	2	0
TCGA-DK-A6AV	6	155868108	156118933	1	0
TCGA-DK-A6AV	6	156118979	171051005	2	0
TCGA-DK-A6AV	7	43259	57415151	3	3
TCGA-DK-A6AV	7	57416334	148158717	2	1
TCGA-DK-A6AV	7	148159921	148873497	2	0
TCGA-DK-A6AV	7	148874162	159127004	2	1
TCGA-DK-A6AV	8	31254	42836087	2	0
TCGA-DK-A6AV	8	42840132	49975746	2	1
TCGA-DK-A6AV	8	49976448	51435741	2	0
TCGA-DK-A6AV	8	51439120	60921498	3	2
TCGA-DK-A6AV	8	60921845	95159158	2	1
TCGA-DK-A6AV	8	95159244	98145662	2	0
TCGA-DK-A6AV	8	98146270	102228668	3	2
TCGA-DK-A6AV	8	102229363	104876060	3	3
TCGA-DK-A6AV	8	104878014	105552069	2	1
TCGA-DK-A6AV	8	105555089	115974644	3	2
TCGA-DK-A6AV	8	115979693	116027062	2	0
TCGA-DK-A6AV	8	116032550	146298155	3	2
TCGA-DK-A6AV	9	46587	24138631	1	0
TCGA-DK-A6AV	9	24138906	141091394	2	0
TCGA-DK-A6AV	10	72759	5401850	2	0
TCGA-DK-A6AV	10	5402956	6882660	16	2
TCGA-DK-A6AV	10	6882914	7433923	18	1
TCGA-DK-A6AV	10	7433984	10245570	23	2
TCGA-DK-A6AV	10	10249027	11236575	17	2
TCGA-DK-A6AV	10	11237032	11359237	2	0
TCGA-DK-A6AV	10	11360295	23183577	2	1
TCGA-DK-A6AV	10	23186527	28729444	2	0
TCGA-DK-A6AV	10	28731111	50119379	2	1
TCGA-DK-A6AV	10	50120361	66957145	2	0
TCGA-DK-A6AV	10	66957298	90984032	2	1
TCGA-DK-A6AV	10	90984190	93052781	2	0
TCGA-DK-A6AV	10	93053496	112010926	2	1
TCGA-DK-A6AV	10	112011484	112285813	1	0
TCGA-DK-A6AV	10	112287302	131815674	2	1
TCGA-DK-A6AV	10	131815779	133816830	2	0
TCGA-DK-A6AV	10	133816967	135506704	2	1
TCGA-DK-A6AV	11	198572	42486748	1	1
TCGA-DK-A6AV	11	42488734	42773354	1	0
TCGA-DK-A6AV	11	42775676	56656887	1	1
TCGA-DK-A6AV	11	56656936	57768288	3	1
TCGA-DK-A6AV	11	57768554	58443801	2	1
TCGA-DK-A6AV	11	58443852	66732821	1	1
TCGA-DK-A6AV	11	66737555	67836820	9	1
TCGA-DK-A6AV	11	67841094	69169325	4	1
TCGA-DK-A6AV	11	69170583	69874017	7	1
TCGA-DK-A6AV	11	69880250	95313701	1	1
TCGA-DK-A6AV	11	95317991	96250012	1	0
TCGA-DK-A6AV	11	96254894	118355214	1	1
TCGA-DK-A6AV	11	118355314	119107727	1	0
TCGA-DK-A6AV	11	119108112	120541873	1	1
TCGA-DK-A6AV	11	120544871	123663542	1	0
TCGA-DK-A6AV	11	123664870	132854529	1	1
TCGA-DK-A6AV	11	132854769	134944770	1	0
TCGA-DK-A6AV	12	150442	12856474	2	2
TCGA-DK-A6AV	12	12858876	13045723	2	0
TCGA-DK-A6AV	12	13046532	56562324	3	2
TCGA-DK-A6AV	12	56565392	56639796	2	0
TCGA-DK-A6AV	12	56646695	104697314	3	2
TCGA-DK-A6AV	12	104698203	104941965	2	0
TCGA-DK-A6AV	12	104942738	133778189	2	2
TCGA-DK-A6AV	13	19026949	25296819	1	1
TCGA-DK-A6AV	13	25296859	62185745	2	1
TCGA-DK-A6AV	13	62186105	67850567	1	1
TCGA-DK-A6AV	13	67851005	93465991	2	1
TCGA-DK-A6AV	13	93466243	95470671	1	1
TCGA-DK-A6AV	13	95474946	115108397	2	1
TCGA-DK-A6AV	14	19002124	107285437	2	0
TCGA-DK-A6AV	15	20016328	102469040	2	1
TCGA-DK-A6AV	16	60777	67920799	2	1
TCGA-DK-A6AV	16	67922342	69876546	10	1
TCGA-DK-A6AV	16	69881228	69963862	4	2
TCGA-DK-A6AV	16	69965082	74472584	3	1
TCGA-DK-A6AV	16	74472696	88660627	2	1
TCGA-DK-A6AV	16	88660836	90287535	3	1
TCGA-DK-A6AV	17	526	19149363	2	0
TCGA-DK-A6AV	17	19152102	20634605	2	2
TCGA-DK-A6AV	17	20634859	56228003	2	0
TCGA-DK-A6AV	17	56228228	70466412	2	2
TCGA-DK-A6AV	17	70468657	71332221	4	2
TCGA-DK-A6AV	17	71332663	81049726	2	2
TCGA-DK-A6AV	18	48133	2951876	2	0
TCGA-DK-A6AV	18	2952149	4078143	5	0
TCGA-DK-A6AV	18	4079929	41843945	2	0
TCGA-DK-A6AV	18	41844240	41976954	0	0
TCGA-DK-A6AV	18	41977243	66582951	2	0
TCGA-DK-A6AV	18	66583053	68293239	1	0
TCGA-DK-A6AV	18	68293393	69396486	2	0
TCGA-DK-A6AV	18	69397012	69617057	0	0
TCGA-DK-A6AV	18	69618624	77504098	2	0
TCGA-DK-A6AV	18	77504861	78015057	1	0
TCGA-DK-A6AV	19	90910	23089165	3	1
TCGA-DK-A6AV	19	23093018	29702882	3	3
TCGA-DK-A6AV	19	29702919	31001799	3	1
TCGA-DK-A6AV	19	31005499	35839730	3	3
TCGA-DK-A6AV	19	35840042	36420738	5	2
TCGA-DK-A6AV	19	36423321	59097854	3	3
TCGA-DK-A6AV	20	61305	26239367	2	0
TCGA-DK-A6AV	20	26239964	26241218	1	1
TCGA-DK-A6AV	20	26242401	26297208	3	0
TCGA-DK-A6AV	20	26305491	38333965	3	3
TCGA-DK-A6AV	20	38337531	39485512	3	0
TCGA-DK-A6AV	20	39489630	62956153	3	3
TCGA-DK-A6AV	21	10736871	24449084	3	2
TCGA-DK-A6AV	21	24449684	24858930	2	0
TCGA-DK-A6AV	21	24859760	48096957	2	2
TCGA-DK-A6AV	22	16052528	51234455	2	1
TCGA-DK-A6AV	X	168477	25268608	3	2
TCGA-DK-A6AV	X	25271828	26507613	2	0
TCGA-DK-A6AV	X	26508208	85840543	2	2
TCGA-DK-A6AV	X	85841300	88202328	2	0
TCGA-DK-A6AV	X	88202997	120362405	2	2
TCGA-DK-A6AV	X	120372542	121142061	5	1
TCGA-DK-A6AV	X	121143059	146019747	2	2
TCGA-DK-A6AV	X	146019961	146577458	2	0
TCGA-DK-A6AV	X	146581262	155233846	3	2
