sample	chr	startpos	endpos	nMajor	nMinor
TCGA-P5-A5F6	1	61735	247843712	2	2
TCGA-P5-A5F6	1	247849862	249224388	3	1
TCGA-P5-A5F6	2	12784	243089456	2	0
TCGA-P5-A5F6	3	60345	197896118	2	0
TCGA-P5-A5F6	4	12281	191027923	2	2
TCGA-P5-A5F6	5	15532	180790320	2	2
TCGA-P5-A5F6	6	149661	171051005	2	0
TCGA-P5-A5F6	7	43259	106843379	2	0
TCGA-P5-A5F6	7	106847035	106852203	1	0
TCGA-P5-A5F6	7	106868475	159127004	2	2
TCGA-P5-A5F6	8	31254	146298155	2	0
TCGA-P5-A5F6	9	46587	141091394	2	0
TCGA-P5-A5F6	10	72759	135506704	2	2
TCGA-P5-A5F6	11	198572	134944770	2	0
TCGA-P5-A5F6	12	150442	133778189	2	2
TCGA-P5-A5F6	13	19026949	115108397	2	2
TCGA-P5-A5F6	14	19002124	107285437	2	2
TCGA-P5-A5F6	15	20016328	102469040	2	2
TCGA-P5-A5F6	16	60777	90287535	2	2
TCGA-P5-A5F6	17	526	81049726	2	0
TCGA-P5-A5F6	18	48133	78015057	2	2
TCGA-P5-A5F6	19	90910	59097854	2	0
TCGA-P5-A5F6	20	61305	62956153	2	2
TCGA-P5-A5F6	21	10736871	48096957	2	0
TCGA-P5-A5F6	22	16052528	51234455	2	0
TCGA-P5-A5F6	X	168477	2694240	2	2
TCGA-P5-A5F6	X	2703391	154929498	2	0
TCGA-P5-A5F6	X	154963439	154973412	3	2
TCGA-P5-A5F6	X	154977448	155233846	2	1
