sample	chr	startpos	endpos	nMajor	nMinor
TCGA-EJ-5519	1	61735	121482979	1	1
TCGA-EJ-5519	1	144007049	169528580	2	1
TCGA-EJ-5519	1	169528804	169549913	1	0
TCGA-EJ-5519	1	169553481	169789537	2	1
TCGA-EJ-5519	1	169794169	169830104	1	0
TCGA-EJ-5519	1	169830583	208471399	1	1
TCGA-EJ-5519	1	208471438	239897664	1	0
TCGA-EJ-5519	1	239899242	249224388	1	1
TCGA-EJ-5519	2	12784	103480302	1	1
TCGA-EJ-5519	2	103480681	103896619	1	0
TCGA-EJ-5519	2	103901963	243089456	1	1
TCGA-EJ-5519	3	60345	59360090	1	1
TCGA-EJ-5519	3	59360447	59922017	2	1
TCGA-EJ-5519	3	59922387	69220732	1	1
TCGA-EJ-5519	3	69221084	69692934	1	0
TCGA-EJ-5519	3	69692981	70329924	1	1
TCGA-EJ-5519	3	70330389	71598423	1	0
TCGA-EJ-5519	3	71599571	109204413	1	1
TCGA-EJ-5519	3	109206399	136623791	1	0
TCGA-EJ-5519	3	136626557	197896118	1	1
TCGA-EJ-5519	4	12281	191027923	1	1
TCGA-EJ-5519	5	15532	54707959	1	1
TCGA-EJ-5519	5	54708260	95180239	1	0
TCGA-EJ-5519	5	95180300	107485978	1	1
TCGA-EJ-5519	5	107492261	107938070	1	0
TCGA-EJ-5519	5	107943414	121403410	1	1
TCGA-EJ-5519	5	121404787	122755334	1	0
TCGA-EJ-5519	5	122757446	180790320	1	1
TCGA-EJ-5519	6	149661	84215167	1	1
TCGA-EJ-5519	6	84216117	118587639	1	0
TCGA-EJ-5519	6	118588684	171051005	1	1
TCGA-EJ-5519	7	43259	14170925	1	1
TCGA-EJ-5519	7	14171253	14542889	1	0
TCGA-EJ-5519	7	14544042	33812053	1	1
TCGA-EJ-5519	7	33813723	33893607	1	0
TCGA-EJ-5519	7	33897978	38321132	1	1
TCGA-EJ-5519	7	38322918	38529384	1	0
TCGA-EJ-5519	7	38529407	98090436	1	1
TCGA-EJ-5519	7	98090705	99664817	1	0
TCGA-EJ-5519	7	99668068	108140626	1	1
TCGA-EJ-5519	7	108140766	109255659	1	0
TCGA-EJ-5519	7	109255901	156874087	1	1
TCGA-EJ-5519	7	156874750	157745547	2	1
TCGA-EJ-5519	7	157746277	159127004	1	1
TCGA-EJ-5519	8	31254	23535952	1	0
TCGA-EJ-5519	8	23536806	47354618	1	1
TCGA-EJ-5519	8	47361525	52042419	1	0
TCGA-EJ-5519	8	52043704	52857900	1	1
TCGA-EJ-5519	8	52862514	53562820	1	0
TCGA-EJ-5519	8	53563364	127991703	1	1
TCGA-EJ-5519	8	128000906	130299492	2	1
TCGA-EJ-5519	8	130301130	146298155	1	1
TCGA-EJ-5519	9	46587	25279649	1	0
TCGA-EJ-5519	9	25279952	141091394	1	1
TCGA-EJ-5519	10	72759	87075392	1	1
TCGA-EJ-5519	10	87077600	91572676	1	0
TCGA-EJ-5519	10	91575732	135506704	1	1
TCGA-EJ-5519	11	198572	101922584	1	1
TCGA-EJ-5519	11	101923553	102934849	1	0
TCGA-EJ-5519	11	102937679	117995389	1	1
TCGA-EJ-5519	11	117995638	118873840	1	0
TCGA-EJ-5519	11	118873897	134944770	1	1
TCGA-EJ-5519	12	150442	31546223	1	0
TCGA-EJ-5519	12	31548388	87259780	1	1
TCGA-EJ-5519	12	87260006	133778189	2	1
TCGA-EJ-5519	13	19026949	115108397	1	1
TCGA-EJ-5519	14	19002124	107285437	1	1
TCGA-EJ-5519	15	20016328	22791444	1	0
TCGA-EJ-5519	15	22793551	102469040	1	1
TCGA-EJ-5519	16	60777	90287535	1	1
TCGA-EJ-5519	17	526	25302310	1	0
TCGA-EJ-5519	17	25309463	81049726	1	1
TCGA-EJ-5519	18	48133	15402408	1	0
TCGA-EJ-5519	18	18529353	78015057	1	1
TCGA-EJ-5519	19	90910	59097854	1	1
TCGA-EJ-5519	20	61305	62956153	1	1
TCGA-EJ-5519	21	10736871	48096957	1	0
TCGA-EJ-5519	22	16052528	17554888	1	1
TCGA-EJ-5519	22	17558501	18055605	1	0
TCGA-EJ-5519	22	18058748	51234455	1	1
TCGA-EJ-5519	X	168477	2703391	1	1
TCGA-EJ-5519	X	2703633	85440249	1	0
TCGA-EJ-5519	X	85444758	85916760	0	0
TCGA-EJ-5519	X	85917207	86635571	1	0
TCGA-EJ-5519	X	86640347	87406271	0	0
TCGA-EJ-5519	X	87406340	93885845	1	0
TCGA-EJ-5519	X	93887441	94249375	0	0
TCGA-EJ-5519	X	94249624	126412905	1	0
TCGA-EJ-5519	X	126425454	126457257	0	0
TCGA-EJ-5519	X	126457288	141601646	1	0
TCGA-EJ-5519	X	141602998	141696672	0	0
TCGA-EJ-5519	X	141696745	142493593	1	0
TCGA-EJ-5519	X	142496453	142942988	0	0
TCGA-EJ-5519	X	142945842	146075980	1	0
TCGA-EJ-5519	X	146077677	146275870	0	0
TCGA-EJ-5519	X	146278906	154929308	1	0
TCGA-EJ-5519	X	154929498	155233846	1	1
