sample	chr	startpos	endpos	nMajor	nMinor
TCGA-AA-3869	1	61735	29652675	2	1
TCGA-AA-3869	1	29653836	30833735	2	0
TCGA-AA-3869	1	30837980	62951056	2	1
TCGA-AA-3869	1	62952981	66500298	1	1
TCGA-AA-3869	1	66500466	78367306	2	1
TCGA-AA-3869	1	78370991	89423623	2	0
TCGA-AA-3869	1	89423920	121482979	2	1
TCGA-AA-3869	1	144007049	249224388	4	1
TCGA-AA-3869	2	12784	65034232	2	1
TCGA-AA-3869	2	65036601	65466686	2	0
TCGA-AA-3869	2	65466743	243089456	2	1
TCGA-AA-3869	3	60345	60374933	2	1
TCGA-AA-3869	3	60375316	60391737	1	0
TCGA-AA-3869	3	60397624	197896118	2	1
TCGA-AA-3869	4	12281	191027923	2	1
TCGA-AA-3869	5	15532	180790320	2	1
TCGA-AA-3869	6	149661	171051005	2	2
TCGA-AA-3869	7	43259	159127004	2	2
TCGA-AA-3869	8	31254	39397732	2	0
TCGA-AA-3869	8	39397989	40726394	2	1
TCGA-AA-3869	8	40726582	146298155	2	2
TCGA-AA-3869	9	46587	141091394	2	2
TCGA-AA-3869	10	72759	135506704	2	2
TCGA-AA-3869	11	198572	134944770	2	1
TCGA-AA-3869	12	150442	133778189	2	1
TCGA-AA-3869	13	19026949	115108397	2	2
TCGA-AA-3869	14	19002124	22340873	2	1
TCGA-AA-3869	14	22342416	22975783	3	1
TCGA-AA-3869	14	22975795	107285437	2	1
TCGA-AA-3869	15	20016328	40088641	2	0
TCGA-AA-3869	15	40092835	102469040	2	1
TCGA-AA-3869	16	60777	6420926	2	2
TCGA-AA-3869	16	6421146	6949791	1	1
TCGA-AA-3869	16	6950043	90287535	2	2
TCGA-AA-3869	17	526	26791388	2	0
TCGA-AA-3869	17	26791741	28121166	4	2
TCGA-AA-3869	17	28130557	29214541	2	0
TCGA-AA-3869	17	29215642	29749444	3	2
TCGA-AA-3869	17	29755009	30069203	2	1
TCGA-AA-3869	17	30070876	30906387	2	2
TCGA-AA-3869	17	30906715	33637440	2	0
TCGA-AA-3869	17	33643163	35184013	5	2
TCGA-AA-3869	17	35184153	37593487	11	2
TCGA-AA-3869	17	37595446	38148341	22	1
TCGA-AA-3869	17	38155930	38928014	10	1
TCGA-AA-3869	17	38935812	39222806	5	2
TCGA-AA-3869	17	39225537	41063026	2	2
TCGA-AA-3869	17	41063342	41305412	2	0
TCGA-AA-3869	17	41305826	42420676	2	1
TCGA-AA-3869	17	42423665	81049726	2	0
TCGA-AA-3869	18	48133	78015057	2	0
TCGA-AA-3869	19	90910	7763045	2	0
TCGA-AA-3869	19	7764772	9663652	2	2
TCGA-AA-3869	19	9669635	59097854	2	1
TCGA-AA-3869	20	61305	3055749	2	0
TCGA-AA-3869	20	3061911	4758222	2	2
TCGA-AA-3869	20	4762577	5145565	4	2
TCGA-AA-3869	20	5145681	5560522	6	2
TCGA-AA-3869	20	5563232	8838343	4	2
TCGA-AA-3869	20	8838376	10179759	7	2
TCGA-AA-3869	20	10179951	11107614	4	2
TCGA-AA-3869	20	11108959	14244971	2	2
TCGA-AA-3869	20	14245838	15239469	2	1
TCGA-AA-3869	20	15239497	15858016	2	2
TCGA-AA-3869	20	15858073	16813687	4	2
TCGA-AA-3869	20	16817706	17081801	3	2
TCGA-AA-3869	20	17082043	20621969	4	2
TCGA-AA-3869	20	20623708	37179471	2	2
TCGA-AA-3869	20	37179499	39526497	4	2
TCGA-AA-3869	20	39529874	41072019	6	2
TCGA-AA-3869	20	41072290	44455176	8	2
TCGA-AA-3869	20	44459183	45726271	6	2
TCGA-AA-3869	20	45726455	47847620	4	2
TCGA-AA-3869	20	47851919	51425973	8	2
TCGA-AA-3869	20	51428152	51989357	4	2
TCGA-AA-3869	20	51990379	54418848	8	2
TCGA-AA-3869	20	54419282	54763880	6	2
TCGA-AA-3869	20	54766319	56787804	8	2
TCGA-AA-3869	20	56788088	58013400	6	2
TCGA-AA-3869	20	58013444	62956153	4	2
TCGA-AA-3869	21	10736871	20223469	1	1
TCGA-AA-3869	21	20223958	48096957	2	1
TCGA-AA-3869	22	16052528	51234455	1	1
TCGA-AA-3869	X	168477	155233846	2	0
