sample	chr	startpos	endpos	nMajor	nMinor
TCGA-22-4604	1	61735	78766729	3	0
TCGA-22-4604	1	78766839	121482979	2	0
TCGA-22-4604	1	144007049	249224388	2	1
TCGA-22-4604	2	12784	49201453	3	2
TCGA-22-4604	2	49201612	79420601	4	2
TCGA-22-4604	2	79420624	95346639	2	2
TCGA-22-4604	2	95346981	102081132	3	2
TCGA-22-4604	2	102088279	111522705	2	2
TCGA-22-4604	2	111528143	124762838	2	1
TCGA-22-4604	2	124763704	125016335	2	0
TCGA-22-4604	2	125019294	133897009	2	1
TCGA-22-4604	2	133900074	134261295	1	0
TCGA-22-4604	2	134262625	243089456	2	0
TCGA-22-4604	3	60345	30991418	2	0
TCGA-22-4604	3	30992802	34649878	3	2
TCGA-22-4604	3	34652196	41584549	6	2
TCGA-22-4604	3	41584673	45964959	2	0
TCGA-22-4604	3	45967376	46889375	3	2
TCGA-22-4604	3	46895102	88019559	2	0
TCGA-22-4604	3	88020840	90432675	3	2
TCGA-22-4604	3	90450481	143424787	2	1
TCGA-22-4604	3	143424849	144672831	2	2
TCGA-22-4604	3	144675582	147740213	2	0
TCGA-22-4604	3	147743103	155899074	7	2
TCGA-22-4604	3	155899665	173201731	7	3
TCGA-22-4604	3	173202470	183194726	8	3
TCGA-22-4604	3	183196803	197896118	7	3
TCGA-22-4604	4	12281	47814389	2	0
TCGA-22-4604	4	47820959	84390372	2	2
TCGA-22-4604	4	84396332	191027923	2	0
TCGA-22-4604	5	15532	15195078	2	1
TCGA-22-4604	5	15202057	18757946	6	1
TCGA-22-4604	5	18759683	26193798	5	1
TCGA-22-4604	5	26193999	49432831	4	1
TCGA-22-4604	5	49441958	180790320	1	1
TCGA-22-4604	6	149661	18552036	3	0
TCGA-22-4604	6	18553436	18887192	8	3
TCGA-22-4604	6	18892475	19201686	3	3
TCGA-22-4604	6	19203433	19450302	6	3
TCGA-22-4604	6	19452510	61962715	3	1
TCGA-22-4604	6	61963621	171051005	2	1
TCGA-22-4604	7	43259	159127004	2	2
TCGA-22-4604	8	31254	38072320	2	0
TCGA-22-4604	8	38075817	40596424	3	2
TCGA-22-4604	8	40611154	41672158	2	0
TCGA-22-4604	8	41672453	47953857	3	2
TCGA-22-4604	8	47954947	83365367	2	1
TCGA-22-4604	8	83365998	112301252	3	1
TCGA-22-4604	8	112303183	146298155	3	3
TCGA-22-4604	9	46587	7660299	5	0
TCGA-22-4604	9	7660455	16043350	6	0
TCGA-22-4604	9	16045125	17397765	13	5
TCGA-22-4604	9	17398616	17594125	12	0
TCGA-22-4604	9	17596833	19499280	6	0
TCGA-22-4604	9	19508885	20834106	14	0
TCGA-22-4604	9	20834807	31906118	0	0
TCGA-22-4604	9	31911226	33248768	8	0
TCGA-22-4604	9	33249553	35835864	6	0
TCGA-22-4604	9	35836259	37331605	8	0
TCGA-22-4604	9	37334730	37871685	4	0
TCGA-22-4604	9	37871914	47217176	1	0
TCGA-22-4604	9	65616971	97031837	2	0
TCGA-22-4604	9	97043796	128272287	4	0
TCGA-22-4604	9	128274743	135672025	2	0
TCGA-22-4604	9	135673078	136403533	4	0
TCGA-22-4604	9	136407469	138125763	2	0
TCGA-22-4604	9	138126646	141091394	4	0
TCGA-22-4604	10	72759	135506704	2	1
TCGA-22-4604	11	198572	134944770	2	1
TCGA-22-4604	12	150442	43303486	2	2
TCGA-22-4604	12	43304012	84155275	3	2
TCGA-22-4604	12	84156180	132298612	3	1
TCGA-22-4604	12	132302268	133778189	2	1
TCGA-22-4604	13	19026949	115108397	2	0
TCGA-22-4604	14	19002124	25611874	5	2
TCGA-22-4604	14	25612151	39424035	6	2
TCGA-22-4604	14	39425155	107285437	2	1
TCGA-22-4604	15	20016328	102469040	3	1
TCGA-22-4604	16	60777	90287535	2	1
TCGA-22-4604	17	526	21962389	2	0
TCGA-22-4604	17	21963242	81049726	2	2
TCGA-22-4604	18	48133	9660050	5	2
TCGA-22-4604	18	9660242	18529353	2	2
TCGA-22-4604	18	18541659	37686676	4	3
TCGA-22-4604	18	37686747	44308955	4	4
TCGA-22-4604	18	44309781	59048194	4	3
TCGA-22-4604	18	59048270	76512570	3	2
TCGA-22-4604	18	76518845	78015057	3	0
TCGA-22-4604	19	90910	28209011	2	2
TCGA-22-4604	19	28232668	59097854	2	1
TCGA-22-4604	20	61305	26239367	11	0
TCGA-22-4604	20	26239964	30877298	8	0
TCGA-22-4604	20	30877834	33426212	5	0
TCGA-22-4604	20	33432523	38014501	4	0
TCGA-22-4604	20	38016516	62956153	2	0
TCGA-22-4604	21	10736871	20764108	2	2
TCGA-22-4604	21	20767350	48096957	2	0
TCGA-22-4604	22	16052528	51234455	2	2
TCGA-22-4604	X	168477	155233846	2	0
