sample	chr	startpos	endpos	nMajor	nMinor
TCGA-RD-A8N1	1	61735	15857559	2	1
TCGA-RD-A8N1	1	15860240	44246563	1	1
TCGA-RD-A8N1	1	44248678	88082213	2	1
TCGA-RD-A8N1	1	88084651	120156051	1	1
TCGA-RD-A8N1	1	120156420	202196697	2	1
TCGA-RD-A8N1	1	202196931	205818676	2	2
TCGA-RD-A8N1	1	205820935	249224388	2	1
TCGA-RD-A8N1	2	12784	105582005	2	1
TCGA-RD-A8N1	2	105582343	178358281	2	0
TCGA-RD-A8N1	2	178360075	210207436	3	0
TCGA-RD-A8N1	2	210214642	243089456	2	0
TCGA-RD-A8N1	3	60345	4272862	2	0
TCGA-RD-A8N1	3	4272940	4546773	0	0
TCGA-RD-A8N1	3	4551568	51899560	2	0
TCGA-RD-A8N1	3	51899978	59311177	1	0
TCGA-RD-A8N1	3	59312359	62044608	2	0
TCGA-RD-A8N1	3	62044818	96917978	1	1
TCGA-RD-A8N1	3	96919453	98504830	3	1
TCGA-RD-A8N1	3	98506698	106127031	2	1
TCGA-RD-A8N1	3	106127786	113614340	4	1
TCGA-RD-A8N1	3	113614489	167526485	3	1
TCGA-RD-A8N1	3	167528129	193936660	3	2
TCGA-RD-A8N1	3	193937224	197896118	3	3
TCGA-RD-A8N1	4	12281	79877065	1	1
TCGA-RD-A8N1	4	79877668	103117930	1	0
TCGA-RD-A8N1	4	103125142	151076524	1	1
TCGA-RD-A8N1	4	151077149	191027923	2	0
TCGA-RD-A8N1	5	15532	6815134	1	1
TCGA-RD-A8N1	5	6817709	8524831	1	0
TCGA-RD-A8N1	5	8526763	27819543	1	1
TCGA-RD-A8N1	5	27824645	38708063	2	1
TCGA-RD-A8N1	5	38708110	88731146	2	0
TCGA-RD-A8N1	5	88732310	144019964	1	0
TCGA-RD-A8N1	5	144022067	144277625	4	1
TCGA-RD-A8N1	5	144277831	144809257	7	1
TCGA-RD-A8N1	5	144811177	147948018	3	1
TCGA-RD-A8N1	5	147948601	180790320	1	1
TCGA-RD-A8N1	6	149661	18947670	1	0
TCGA-RD-A8N1	6	18947704	51669562	2	1
TCGA-RD-A8N1	6	51669599	57299309	2	2
TCGA-RD-A8N1	6	57308995	63886786	2	1
TCGA-RD-A8N1	6	63887568	110294224	1	1
TCGA-RD-A8N1	6	110295441	141506832	2	0
TCGA-RD-A8N1	6	141507071	144083799	1	0
TCGA-RD-A8N1	6	144086394	166441592	2	0
TCGA-RD-A8N1	6	166441820	171051005	3	0
TCGA-RD-A8N1	7	43259	5108697	2	0
TCGA-RD-A8N1	7	5108770	6689122	2	2
TCGA-RD-A8N1	7	6690270	30541032	2	0
TCGA-RD-A8N1	7	30541508	55097799	3	0
TCGA-RD-A8N1	7	55099784	67141935	2	2
TCGA-RD-A8N1	7	67141962	70698209	3	3
TCGA-RD-A8N1	7	70704545	77297541	2	0
TCGA-RD-A8N1	7	77297928	109746983	3	0
TCGA-RD-A8N1	7	109747058	110110566	0	0
TCGA-RD-A8N1	7	110125792	159127004	2	0
TCGA-RD-A8N1	8	31254	2768846	2	0
TCGA-RD-A8N1	8	2769076	54750299	2	2
TCGA-RD-A8N1	8	54751691	67495309	2	1
TCGA-RD-A8N1	8	67499501	68771501	2	2
TCGA-RD-A8N1	8	68772728	94932892	2	0
TCGA-RD-A8N1	8	94933219	96628309	2	1
TCGA-RD-A8N1	8	96628523	103960315	2	2
TCGA-RD-A8N1	8	103960710	146298155	2	1
TCGA-RD-A8N1	9	46587	1178386	2	1
TCGA-RD-A8N1	9	1180114	21887380	2	0
TCGA-RD-A8N1	9	21890326	22293395	0	0
TCGA-RD-A8N1	9	22293599	28939734	2	0
TCGA-RD-A8N1	9	28940111	47217176	2	1
TCGA-RD-A8N1	9	65616971	71233483	2	0
TCGA-RD-A8N1	9	71233778	99870580	2	1
TCGA-RD-A8N1	9	99871360	127994767	1	1
TCGA-RD-A8N1	9	127997303	134134106	1	0
TCGA-RD-A8N1	9	134136515	141091394	3	0
TCGA-RD-A8N1	10	72759	44867824	2	0
TCGA-RD-A8N1	10	44867835	88299622	1	1
TCGA-RD-A8N1	10	88299731	97136202	2	0
TCGA-RD-A8N1	10	97139954	119264020	1	1
TCGA-RD-A8N1	10	119264674	135506704	2	0
TCGA-RD-A8N1	11	198572	32376894	1	1
TCGA-RD-A8N1	11	32378111	88538215	2	1
TCGA-RD-A8N1	11	88543351	98173437	3	2
TCGA-RD-A8N1	11	98176089	134944770	2	0
TCGA-RD-A8N1	12	150442	63181191	2	0
TCGA-RD-A8N1	12	63183727	114725047	2	1
TCGA-RD-A8N1	12	114725510	133778189	2	0
TCGA-RD-A8N1	13	19026949	23626522	2	0
TCGA-RD-A8N1	13	23626563	30638225	3	0
TCGA-RD-A8N1	13	30645259	66522871	4	0
TCGA-RD-A8N1	13	66524254	103472072	3	0
TCGA-RD-A8N1	13	103472250	115108397	4	0
TCGA-RD-A8N1	14	19002124	23549948	2	1
TCGA-RD-A8N1	14	23550126	96092495	2	0
TCGA-RD-A8N1	14	96092676	99157061	2	2
TCGA-RD-A8N1	14	99157430	107285437	2	1
TCGA-RD-A8N1	15	20016328	25803609	1	0
TCGA-RD-A8N1	15	25804367	42415270	2	0
TCGA-RD-A8N1	15	42415978	51981412	1	0
TCGA-RD-A8N1	15	51981543	75089053	1	1
TCGA-RD-A8N1	15	75090459	94933675	1	0
TCGA-RD-A8N1	15	94934847	96052722	0	0
TCGA-RD-A8N1	15	96052742	102469040	1	0
TCGA-RD-A8N1	16	60777	90287535	2	0
TCGA-RD-A8N1	17	526	81049726	2	0
TCGA-RD-A8N1	18	48133	21152907	2	1
TCGA-RD-A8N1	18	21159533	69753200	1	0
TCGA-RD-A8N1	18	69756300	70991826	2	1
TCGA-RD-A8N1	18	70997111	71576657	16	1
TCGA-RD-A8N1	18	71579403	74455260	1	0
TCGA-RD-A8N1	18	74464602	76454021	2	1
TCGA-RD-A8N1	18	76455576	78015057	3	1
TCGA-RD-A8N1	19	90910	59097854	2	0
TCGA-RD-A8N1	20	61305	3046255	2	0
TCGA-RD-A8N1	20	3049355	13898122	2	2
TCGA-RD-A8N1	20	13898178	14729065	1	1
TCGA-RD-A8N1	20	14729869	33897658	2	1
TCGA-RD-A8N1	20	33899171	62956153	2	2
TCGA-RD-A8N1	21	10736871	16957764	1	1
TCGA-RD-A8N1	21	16958670	48096957	2	0
TCGA-RD-A8N1	22	16052528	51234455	2	0
TCGA-RD-A8N1	X	168477	2694240	1	1
TCGA-RD-A8N1	X	2703391	146621224	1	0
TCGA-RD-A8N1	X	146621314	147248308	0	0
TCGA-RD-A8N1	X	147248333	155233846	1	0
