sample	chr	startpos	endpos	nMajor	nMinor
TCGA-A2-A3XS	1	61735	19564202	2	0
TCGA-A2-A3XS	1	19566296	58914980	2	1
TCGA-A2-A3XS	1	58915024	106145568	2	2
TCGA-A2-A3XS	1	106147396	116988147	2	1
TCGA-A2-A3XS	1	116989356	121482979	2	2
TCGA-A2-A3XS	1	144007049	145792064	2	1
TCGA-A2-A3XS	1	145932468	147803658	14	2
TCGA-A2-A3XS	1	147805232	149732625	4	0
TCGA-A2-A3XS	1	149732729	152416909	15	2
TCGA-A2-A3XS	1	152417572	153003295	21	1
TCGA-A2-A3XS	1	153003916	153325156	7	2
TCGA-A2-A3XS	1	153325211	160668409	2	2
TCGA-A2-A3XS	1	160668413	231152137	2	1
TCGA-A2-A3XS	1	231152829	249224388	2	2
TCGA-A2-A3XS	2	12784	95329927	3	2
TCGA-A2-A3XS	2	95334806	132548521	2	0
TCGA-A2-A3XS	2	132560272	133641611	3	2
TCGA-A2-A3XS	2	133642326	199695095	2	0
TCGA-A2-A3XS	2	199695512	202632938	3	2
TCGA-A2-A3XS	2	202639198	235359869	2	0
TCGA-A2-A3XS	2	235364851	238792003	1	0
TCGA-A2-A3XS	2	238792133	243089456	2	0
TCGA-A2-A3XS	3	60345	81684659	2	1
TCGA-A2-A3XS	3	81685197	83581289	4	1
TCGA-A2-A3XS	3	83587282	197896118	3	1
TCGA-A2-A3XS	4	12281	49061141	1	1
TCGA-A2-A3XS	4	49061209	124507354	2	1
TCGA-A2-A3XS	4	124507797	128252293	2	2
TCGA-A2-A3XS	4	128254674	130836689	2	1
TCGA-A2-A3XS	4	130837117	131389611	2	0
TCGA-A2-A3XS	4	131390367	136649111	2	1
TCGA-A2-A3XS	4	136649383	138899586	2	2
TCGA-A2-A3XS	4	138900717	140021145	5	2
TCGA-A2-A3XS	4	140021253	145569692	2	2
TCGA-A2-A3XS	4	145569955	147824864	2	0
TCGA-A2-A3XS	4	147824961	149589415	2	2
TCGA-A2-A3XS	4	149590754	191027923	2	0
TCGA-A2-A3XS	5	15532	7722739	2	1
TCGA-A2-A3XS	5	7723439	44299998	2	0
TCGA-A2-A3XS	5	44300838	49447306	2	1
TCGA-A2-A3XS	5	49455636	154079486	1	0
TCGA-A2-A3XS	5	154083708	180790320	2	1
TCGA-A2-A3XS	6	149661	8487925	2	0
TCGA-A2-A3XS	6	8493702	22535978	3	2
TCGA-A2-A3XS	6	22536534	36963787	2	2
TCGA-A2-A3XS	6	36965705	64496268	3	2
TCGA-A2-A3XS	6	64501695	111146567	2	0
TCGA-A2-A3XS	6	111151859	126417377	3	1
TCGA-A2-A3XS	6	126418437	128856505	2	1
TCGA-A2-A3XS	6	128856645	130563955	3	1
TCGA-A2-A3XS	6	130567718	133909197	5	1
TCGA-A2-A3XS	6	133909370	135361211	7	1
TCGA-A2-A3XS	6	135361914	135913078	33	9
TCGA-A2-A3XS	6	135917309	136295909	10	2
TCGA-A2-A3XS	6	136302792	137839269	2	2
TCGA-A2-A3XS	6	137841068	141326601	3	3
TCGA-A2-A3XS	6	141327019	171051005	2	1
TCGA-A2-A3XS	7	43259	7405085	2	1
TCGA-A2-A3XS	7	7406081	7487901	23	0
TCGA-A2-A3XS	7	7488588	7593139	12	0
TCGA-A2-A3XS	7	7595285	7941084	28	0
TCGA-A2-A3XS	7	7944425	9595859	3	1
TCGA-A2-A3XS	7	9595915	10682230	2	0
TCGA-A2-A3XS	7	10682409	16340000	3	1
TCGA-A2-A3XS	7	16341982	21882409	2	1
TCGA-A2-A3XS	7	21882424	23063622	4	1
TCGA-A2-A3XS	7	23073660	159127004	2	1
TCGA-A2-A3XS	8	31254	3986167	2	0
TCGA-A2-A3XS	8	3986246	4075501	1	0
TCGA-A2-A3XS	8	4075514	42806506	2	0
TCGA-A2-A3XS	8	42810184	43353486	12	1
TCGA-A2-A3XS	8	43360692	49551144	5	2
TCGA-A2-A3XS	8	49551946	125447928	6	2
TCGA-A2-A3XS	8	125448103	146298155	5	1
TCGA-A2-A3XS	9	46587	12415123	3	1
TCGA-A2-A3XS	9	12417637	12985993	4	1
TCGA-A2-A3XS	9	12992108	29926619	3	1
TCGA-A2-A3XS	9	29927828	34329045	4	1
TCGA-A2-A3XS	9	34329110	47217176	3	1
TCGA-A2-A3XS	9	65616971	101475405	1	1
TCGA-A2-A3XS	9	101475633	101981978	3	1
TCGA-A2-A3XS	9	101986588	141091394	1	1
TCGA-A2-A3XS	10	72759	42433815	4	2
TCGA-A2-A3XS	10	42441972	46312487	2	0
TCGA-A2-A3XS	10	46485761	47743516	3	3
TCGA-A2-A3XS	10	47771030	48566675	2	0
TCGA-A2-A3XS	10	48568263	50199561	3	3
TCGA-A2-A3XS	10	50206232	51449427	2	0
TCGA-A2-A3XS	10	51465441	51595847	3	3
TCGA-A2-A3XS	10	51604698	135506704	2	0
TCGA-A2-A3XS	11	198572	106091658	1	1
TCGA-A2-A3XS	11	106092299	112676385	2	1
TCGA-A2-A3XS	11	112676545	115045541	1	1
TCGA-A2-A3XS	11	115045802	115515974	3	1
TCGA-A2-A3XS	11	115518952	117017530	5	1
TCGA-A2-A3XS	11	117024892	134944770	1	1
TCGA-A2-A3XS	12	150442	41325076	2	2
TCGA-A2-A3XS	12	41325434	133778189	2	0
TCGA-A2-A3XS	13	19026949	63935269	3	0
TCGA-A2-A3XS	13	63935404	115108397	6	0
TCGA-A2-A3XS	14	19002124	62774675	2	1
TCGA-A2-A3XS	14	62776915	107285437	1	1
TCGA-A2-A3XS	15	20016328	26181335	1	0
TCGA-A2-A3XS	15	26181496	55406495	2	0
TCGA-A2-A3XS	15	55406668	66488987	1	0
TCGA-A2-A3XS	15	66489681	102469040	3	1
TCGA-A2-A3XS	16	60777	70839337	2	1
TCGA-A2-A3XS	16	70842097	71202797	7	2
TCGA-A2-A3XS	16	71205194	90287535	2	1
TCGA-A2-A3XS	17	526	81049726	3	0
TCGA-A2-A3XS	18	48133	78015057	2	1
TCGA-A2-A3XS	19	90910	24507172	2	1
TCGA-A2-A3XS	19	24521623	29611377	4	1
TCGA-A2-A3XS	19	29613187	59097854	3	1
TCGA-A2-A3XS	20	61305	3998271	2	1
TCGA-A2-A3XS	20	4000480	62956153	2	2
TCGA-A2-A3XS	21	10736871	48096957	2	0
TCGA-A2-A3XS	22	16052528	51234455	1	1
TCGA-A2-A3XS	X	168477	62736284	2	0
TCGA-A2-A3XS	X	62745220	63311865	0	0
TCGA-A2-A3XS	X	63312036	155233846	2	0
