sample	chr	startpos	endpos	nMajor	nMinor
TCGA-5R-AA1D	1	61735	249224388	1	1
TCGA-5R-AA1D	2	12784	243089456	1	1
TCGA-5R-AA1D	3	60345	197896118	1	1
TCGA-5R-AA1D	4	12281	191027923	1	1
TCGA-5R-AA1D	5	15532	180790320	1	1
TCGA-5R-AA1D	6	149661	171051005	1	1
TCGA-5R-AA1D	7	43259	159127004	1	1
TCGA-5R-AA1D	8	31254	146298155	1	1
TCGA-5R-AA1D	9	46587	141091394	1	1
TCGA-5R-AA1D	10	72759	135506704	1	1
TCGA-5R-AA1D	11	198572	47993504	1	1
TCGA-5R-AA1D	11	47993662	56507142	1	0
TCGA-5R-AA1D	11	56508476	134944770	1	1
TCGA-5R-AA1D	12	150442	133778189	1	1
TCGA-5R-AA1D	13	19026949	115108397	1	1
TCGA-5R-AA1D	14	19002124	107285437	1	1
TCGA-5R-AA1D	15	20016328	102469040	1	1
TCGA-5R-AA1D	16	60777	90287535	1	1
TCGA-5R-AA1D	17	526	81049726	1	1
TCGA-5R-AA1D	18	48133	78015057	1	1
TCGA-5R-AA1D	19	90910	59097854	1	1
TCGA-5R-AA1D	20	61305	62956153	1	1
TCGA-5R-AA1D	21	10736871	48096957	1	1
TCGA-5R-AA1D	22	16052528	51234455	1	1
TCGA-5R-AA1D	X	168477	153532235	1	1
TCGA-5R-AA1D	X	153533569	155233846	2	0
