sample	chr	startpos	endpos	nMajor	nMinor
TCGA-HT-8104	1	61735	204291733	1	1
TCGA-HT-8104	1	204291762	204612612	2	2
TCGA-HT-8104	1	204612804	204654934	1	1
TCGA-HT-8104	1	204655407	235063773	1	0
TCGA-HT-8104	1	235063812	249224388	1	1
TCGA-HT-8104	2	12784	152411167	1	1
TCGA-HT-8104	2	152411943	153303260	2	1
TCGA-HT-8104	2	153304996	243089456	1	1
TCGA-HT-8104	3	60345	197896118	1	1
TCGA-HT-8104	4	12281	113353855	1	1
TCGA-HT-8104	4	113354150	113901071	2	1
TCGA-HT-8104	4	113909359	191027923	1	1
TCGA-HT-8104	5	15532	180790320	1	1
TCGA-HT-8104	6	149661	171051005	1	1
TCGA-HT-8104	7	43259	54888751	3	0
TCGA-HT-8104	7	54892247	54917259	35	3
TCGA-HT-8104	7	54925077	55099784	53	0
TCGA-HT-8104	7	55099836	55330548	32	0
TCGA-HT-8104	7	55333920	56110479	3	0
TCGA-HT-8104	7	56113064	159127004	2	1
TCGA-HT-8104	8	31254	18896703	1	1
TCGA-HT-8104	8	18897389	19177627	2	1
TCGA-HT-8104	8	19177772	146298155	1	1
TCGA-HT-8104	9	46587	21819477	1	0
TCGA-HT-8104	9	21828110	24244133	0	0
TCGA-HT-8104	9	24246262	47217176	1	0
TCGA-HT-8104	9	65616971	141091394	1	1
TCGA-HT-8104	10	72759	135506704	1	0
TCGA-HT-8104	11	198572	10212202	1	1
TCGA-HT-8104	11	10214455	10505337	2	1
TCGA-HT-8104	11	10505594	134944770	1	1
TCGA-HT-8104	12	150442	92462801	1	1
TCGA-HT-8104	12	92464665	92956949	2	1
TCGA-HT-8104	12	92958712	133778189	1	1
TCGA-HT-8104	13	19026949	44627228	1	1
TCGA-HT-8104	13	44627788	44936782	2	2
TCGA-HT-8104	13	44940116	45304470	2	1
TCGA-HT-8104	13	45305132	115108397	1	1
TCGA-HT-8104	14	19002124	22376649	1	1
TCGA-HT-8104	14	22377373	23033543	2	1
TCGA-HT-8104	14	23033838	107285437	1	1
TCGA-HT-8104	15	20016328	25717864	1	1
TCGA-HT-8104	15	25718875	51012079	1	0
TCGA-HT-8104	15	51012560	51073652	2	0
TCGA-HT-8104	15	51074073	55410382	1	1
TCGA-HT-8104	15	55413455	59774456	1	0
TCGA-HT-8104	15	59782747	74398593	1	1
TCGA-HT-8104	15	74402161	74663803	2	1
TCGA-HT-8104	15	74664851	78386528	1	1
TCGA-HT-8104	15	78390414	78645596	2	1
TCGA-HT-8104	15	78648162	102469040	1	1
TCGA-HT-8104	16	60777	56241498	1	1
TCGA-HT-8104	16	56241876	56917147	2	1
TCGA-HT-8104	16	56917169	90287535	1	1
TCGA-HT-8104	17	526	81049726	1	1
TCGA-HT-8104	18	48133	47774152	1	1
TCGA-HT-8104	18	47777212	57428886	1	0
TCGA-HT-8104	18	57428919	57839769	1	1
TCGA-HT-8104	18	57841077	59208983	1	0
TCGA-HT-8104	18	59209294	78015057	1	1
TCGA-HT-8104	19	90910	59097854	2	1
TCGA-HT-8104	20	61305	3076137	1	0
TCGA-HT-8104	20	3081638	20386709	2	1
TCGA-HT-8104	20	20387516	21835726	1	1
TCGA-HT-8104	20	21840718	23918406	2	1
TCGA-HT-8104	20	23919101	29648981	1	1
TCGA-HT-8104	20	29648997	62956153	2	1
TCGA-HT-8104	21	10736871	48096957	1	1
TCGA-HT-8104	22	16052528	51234455	1	1
TCGA-HT-8104	X	168477	130725747	1	1
TCGA-HT-8104	X	130729779	154153717	1	0
TCGA-HT-8104	X	154156625	155233846	1	1
